1001 86.373 284.121 376.25
1002 100.347 284.097 376.18
1003 114.346 284.092 375.91
1004 128.34 284.104 375.77
1005 79.369 271.986 376.24
1006 93.339 271.976 376.07
1007 107.365 271.957 375.95
1008 121.355 271.991 375.83
1009 135.367 271.962 375.65
1010 72.38 259.848 376.24
1011 86.349 259.844 376.1
1012 100.373 259.847 375.96
1013 114.357 259.839 375.82
1014 128.346 259.848 375.7
1015 142.36 259.849 375.5
1016 65.362 247.723 376.23
1017 79.366 247.742 376.08
1018 93.355 247.743 375.94
1019 121.369 247.744 375.72
1020 135.353 247.721 375.59
1021 149.358 247.731 375.41
1022 72.363 235.61 376.09
1023 86.344 235.606 375.97
1024 100.367 235.616 375.85
1025 114.335 235.598 375.74
1026 128.349 235.61 375.56
1027 142.34 235.586 375.44
1028 79.374 223.474 375.99
1029 93.343 223.488 375.87
1030 107.357 223.462 375.77
1031 121.372 223.488 375.57
1032 135.352 223.486 375.48
1033 86.362 211.341 375.88
1034 100.364 211.338 375.75
1035 114.359 211.353 375.6
1036 128.345 211.358 375.48
2001 -9.985 158.452 376.54
2002 4.006 158.456 376.41
2003 18.022 158.439 376.26
2004 32.013 158.442 376.14
2005 -17.013 146.309 376.59
2006 -2.985 146.316 376.42
2007 11.022 146.311 376.31
2008 25.002 146.32 376.14
2009 39.014 146.304 376.04
2010 -23.966 134.201 376.57
2011 -9.983 134.185 376.42
2012 4.005 134.206 376.3
2013 17.99 134.182 376.15
2014 -30.991 122.075 376.6
2015 -16.989 122.07 376.46
2016 -2.972 122.058 376.32
2017 25.015 122.055 376.09
2018 39.014 122.09 375.95
2019 53.019 122.052 375.81
2020 -23.994 109.937 376.49
2021 -9.98 109.944 376.33
2022 3.996 109.951 376.22
2023 18.025 109.959 376.07
2024 32.024 109.944 375.96
2025 46.022 109.949 375.81
2026 32.009 134.184 376.05
2027 46.016 134.211 375.92
2028 -16.987 97.81 376.36
2029 -2.998 97.819 376.23
2030 11.019 97.833 376.14
2031 25.004 97.836 376.01
2032 39.021 97.82 375.9
2033 -9.987 85.702 376.25
2034 4.018 85.698 376.16
2035 18.018 85.716 376.04
2036 32.013 85.713 375.91
