108.530 -139.623 -00.002
-52.521 079.504 -00.001
067.124 -52.785 -00.001
-117.060 -48.880 -00.001
028.631 009.354 -00.000
-18.740 162.163 -00.002
-16.483 061.176 -00.000
-06.780 -37.764 -00.000
097.964 058.366 -00.001
-131.934 047.419 -00.002
-86.859 048.782 -00.001
142.423 122.043 -00.003
-01.233 -92.083 -00.001
032.697 -67.986 -00.000
-39.189 013.689 -00.000
-182.515 003.823 -00.003
035.263 080.438 -00.001
137.889 063.996 -00.002
-41.664 -44.988 -00.000
045.760 -21.478 -00.000
146.318 014.848 -00.002
170.446 -49.321 -00.002
071.111 -96.977 -00.001
-43.783 128.792 -00.001
094.892 133.434 -00.002
-82.038 153.867 -00.002
009.504 115.780 -00.001
025.639 -160.943 -00.002
-45.999 -106.209 -00.001
062.045 111.246 -00.001
098.420 -74.341 -00.001
063.437 168.208 -00.003
-58.634 -149.430 -00.002
177.396 061.540 -00.003
-76.111 -65.479 -00.001
-130.033 -106.013 -00.002
070.803 006.749 -00.000
-108.839 -02.056 -00.001
065.315 -164.241 -00.002
-181.214 054.114 -00.003
-75.336 015.057 -00.000
186.840 025.596 -00.003
-184.443 -57.974 -00.003
051.616 037.710 -00.000
-60.791 -186.205 -00.003
-157.335 094.826 -00.003
144.349 -114.451 -00.003
-160.017 -24.736 -00.002
011.681 192.784 -00.003
175.823 -94.409 -00.003
032.250 144.435 -00.002
-19.992 -138.275 -00.002
-109.725 099.414 -00.002
105.578 023.183 -00.001
198.600 -15.074 -00.003
-149.379 -76.616 -00.002
039.119 -117.058 -00.001
-90.297 -122.373 -00.002
-02.973 026.604 -00.000
123.313 -36.122 -00.001
-126.106 -147.937 -00.003
-95.934 -168.348 -00.003
-75.972 -26.336 -00.001
-119.577 146.271 -00.003
-52.561 187.334 -00.003
-08.182 -191.717 -00.003
-144.370 007.686 -00.002
098.939 172.717 -00.003
111.504 099.367 -00.002
-22.150 100.575 -00.001
141.237 -76.792 -00.002
170.229 100.075 -00.003
038.562 -195.756 -00.003
-166.637 -107.253 -00.003
089.195 -24.256 -00.001
193.478 -161.068 -00.005
198.687 -197.936 -00.006
-187.708 234.933 -00.007
132.547 -205.251 -00.005
-280.282 096.809 -00.007
079.331 -290.462 -00.007
-131.911 -215.327 -00.005
281.774 139.012 -00.008
-163.863 -191.046 -00.005
199.915 174.757 -00.006
-84.660 -239.693 -00.005
-229.318 -82.368 -00.005
054.657 -246.913 -00.005
-146.500 206.656 -00.005
-289.765 055.284 -00.007
-164.578 -237.591 -00.007
-267.873 018.132 -00.006
-119.171 282.458 -00.007
279.054 -125.359 -00.007
-227.392 061.260 -00.004
-255.916 160.099 -00.007
094.267 221.488 -00.005
263.847 048.990 -00.006
118.172 -256.739 -00.006
115.349 -174.548 -00.003
-63.746 277.445 -00.006
-102.299 217.089 -00.005
243.226 -102.388 -00.005
167.914 240.284 -00.007
-42.709 231.218 -00.004

